

<<<<< DESERT >>>>>>>
 ::: unique values modify { 0 1 7 8 9 10 17 19 20 21 22 27 30 31 32 33 38 39 40 45 54 55 63 }
 ::: unique values modify { 0 1 7 8 9 10 17 19 20 21 22 24 28 30 31 32 33 38 39 44 45 53 54 55 56 63 }
 ::: unique values modify { 0 1 7 8 9 10 17 19 20 21 22 27 30 31 32 38 39 45 46 53 54 55 56 63 }
 ::: unique values modify { 0 1 7 8 9 10 17 19 20 21 22 24 27 30 31 32 33 38 39 40 42 44 45 53 54 55 56 63 }


<<<<< VOLCAN >>>>>>>
 ::: unique values modify { 0 1 7 8 9 10 17 19 20 22 30 31 32 40 41 45 53 54 55 63 }
 ::: unique values modify { 0 1 7 9 10 17 19 20 22 27 30 31 32 40 41 45 46 53 54 55 63 }
 ::: unique values modify { 0 1 7 9 10 17 19 20 21 22 30 31 32 40 45 53 54 55 63 }
 ::: unique values modify { 0 1 7 9 10 17 19 20 22 23 27 30 31 32 40 41 43 45 53 54 55 63 }

<<<<< ARTIC >>>>>>>
 ::: unique values modify { 0 1 7 8 9 10 17 19 20 21 22 23 24 28 30 31 32 33 38 39 40 42 43 44 45 46 53 54 55 56 63 }
 ::: unique values modify { 0 1 7 9 10 17 19 20 21 22 30 31 32 33 38 39 40 42 43 46 54 55 56 63 }
 ::: unique values modify { 0 1 7 8 9 10 17 19 20 21 22 23 24 28 31 32 33 38 39 40 42 43 44 45 46 53 54 55 56 63 }
 ::: unique values modify { 0 1 7 9 10 17 19 20 21 22 27 28 31 32 33 38 39 42 45 46 52 53 54 55 56 63 }

<<<<< JUNGLE >>>>>>>
 ::: unique values modify { 0 1 7 8 10 17 19 20 21 22 27 30 31 32 33 38 39 45 46 52 53 54 55 56 63 }
 ::: unique values modify { 0 1 7 8 9 10 17 19 20 21 22 23 26 27 30 31 32 33 38 39 40 42 43 44 45 46 53 54 55 56 63 }
 ::: unique values modify { 0 1 7 8 9 10 17 19 20 21 22 23 26 27 30 31 32 38 39 40 42 43 44 45 46 53 54 55 63 }
 ::: unique values modify { 0 1 7 8 9 10 17 19 20 21 22 27 30 31 32 33 38 39 40 42 43 45 46 52 53 54 55 56 63 }

<<<<< CITY >>>>>>>
 ::: unique values modify { 0 1 7 10 17 19 20 21 22 26 27 30 31 32 39 44 45 53 54 55 56 62 63 66 }
 ::: unique values modify { 0 1 7 8 10 17 19 20 22 24 26 27 30 31 32 39 40 44 45 53 54 55 63 }
 ::: unique values modify { 0 1 7 8 10 17 19 20 22 24 26 27 30 31 32 33 39 40 43 44 45 46 53 54 55 56 63 }
 ::: unique values modify { 0 1 7 10 17 19 20 22 26 27 30 31 32 33 39 44 45 53 54 55 56 63 }









